-8 -8 0.4472135954999579 0.4472135954999579
-8 -7 0.4164748821161107 0.47597129384698367
-8 -6 0.37947331922020555 0.5059644256269407
-8 -5 0.33520076157699547 0.5363212185231928
-8 -4 0.282842712474619 0.565685424949238
-8 -3 0.2220699630592816 0.5921865681580842
-8 -2 0.1533929977694741 0.6135719910778964
-8 -1 0.07844645405527362 0.6275716324421889
-8 0 0.0 +nan.0
-8 1 0.07844645405527362 -0.6275716324421889
-8 2 0.1533929977694741 -0.6135719910778964
-8 3 0.2220699630592816 -0.5921865681580842
-8 4 0.282842712474619 -0.565685424949238
-8 5 0.33520076157699547 -0.5363212185231928
-8 6 0.37947331922020555 -0.5059644256269407
-8 7 0.4164748821161107 -0.47597129384698367
-8 8 0.4472135954999579 -0.4472135954999579
-7 -8 0.4759712938469837 0.4164748821161108
-7 -7 0.4472135954999579 0.4472135954999579
-7 -6 0.4115966043420212 0.4801960383990248
-7 -5 0.36760731104690386 0.5146502354656654
-7 -4 0.31378581622109447 0.5491251783869153
-7 -3 0.2491364395612199 0.5813183589761798
-7 -2 0.17374889710522776 0.6081211398682972
-7 -1 0.08944271909999159 0.6260990336999411
-7 0 0.0 +nan.0
-7 1 0.08944271909999159 -0.6260990336999411
-7 2 0.17374889710522776 -0.6081211398682972
-7 3 0.2491364395612199 -0.5813183589761798
-7 4 0.31378581622109447 -0.5491251783869153
-7 5 0.36760731104690386 -0.5146502354656654
-7 6 0.4115966043420212 -0.4801960383990248
-7 7 0.4472135954999579 -0.4472135954999579
-7 8 0.4759712938469837 -0.4164748821161108
-6 -8 0.5059644256269407 0.3794733192202055
-6 -7 0.48019603839902475 0.41159660434202117
-6 -6 0.4472135954999579 0.4472135954999579
-6 -5 0.404888165089458 0.4858657981073496
-6 -4 0.35082320772281167 0.5262348115842175
-6 -3 0.282842712474619 0.565685424949238
-6 -2 0.2 0.6000000000000001
-6 -1 0.10397504898200727 0.6238502938920436
-6 0 0.0 +nan.0
-6 1 0.10397504898200727 -0.6238502938920436
-6 2 0.2 -0.6000000000000001
-6 3 0.282842712474619 -0.565685424949238
-6 4 0.35082320772281167 -0.5262348115842175
-6 5 0.404888165089458 -0.4858657981073496
-6 6 0.4472135954999579 -0.4472135954999579
-6 7 0.48019603839902475 -0.41159660434202117
-6 8 0.5059644256269407 -0.3794733192202055
-5 -8 0.5363212185231927 0.3352007615769954
-5 -7 0.5146502354656655 0.3676073110469039
-5 -6 0.4858657981073496 0.404888165089458
-5 -5 0.4472135954999579 0.4472135954999579
-5 -4 0.3950918386598358 0.4938647983247948
-5 -3 0.3253956867279843 0.5423261445466405
-5 -2 0.2348880878058814 0.5872202195147035
-5 -1 0.12403473458920845 0.6201736729460423
-5 0 0.0 +nan.0
-5 1 0.12403473458920845 -0.6201736729460423
-5 2 0.2348880878058814 -0.5872202195147035
-5 3 0.3253956867279843 -0.5423261445466405
-5 4 0.3950918386598358 -0.4938647983247948
-5 5 0.4472135954999579 -0.4472135954999579
-5 6 0.4858657981073496 -0.404888165089458
-5 7 0.5146502354656655 -0.3676073110469039
-5 8 0.5363212185231927 -0.3352007615769954
-4 -8 0.565685424949238 0.282842712474619
-4 -7 0.5491251783869153 0.31378581622109447
-4 -6 0.5262348115842176 0.3508232077228117
-4 -5 0.49386479832479485 0.3950918386598359
-4 -4 0.4472135954999579 0.4472135954999579
-4 -3 0.37947331922020555 0.5059644256269407
-4 -2 0.282842712474619 0.565685424949238
-4 -1 0.1533929977694741 0.6135719910778964
-4 0 0.0 +nan.0
-4 1 0.1533929977694741 -0.6135719910778964
-4 2 0.282842712474619 -0.565685424949238
-4 3 0.37947331922020555 -0.5059644256269407
-4 4 0.4472135954999579 -0.4472135954999579
-4 5 0.49386479832479485 -0.3950918386598359
-4 6 0.5262348115842176 -0.3508232077228117
-4 7 0.5491251783869153 -0.31378581622109447
-4 8 0.565685424949238 -0.282842712474619
-3 -8 0.5921865681580842 0.2220699630592816
-3 -7 0.5813183589761798 0.2491364395612199
-3 -6 0.565685424949238 0.282842712474619
-3 -5 0.5423261445466404 0.32539568672798425
-3 -4 0.5059644256269407 0.3794733192202055
-3 -3 0.4472135954999579 0.4472135954999579
-3 -2 0.35082320772281167 0.5262348115842175
-3 -1 0.2 0.6000000000000001
-3 0 0.0 +nan.0
-3 1 0.2 -0.6000000000000001
-3 2 0.35082320772281167 -0.5262348115842175
-3 3 0.4472135954999579 -0.4472135954999579
-3 4 0.5059644256269407 -0.3794733192202055
-3 5 0.5423261445466404 -0.32539568672798425
-3 6 0.565685424949238 -0.282842712474619
-3 7 0.5813183589761798 -0.2491364395612199
-3 8 0.5921865681580842 -0.2220699630592816
-2 -8 0.6135719910778964 0.1533929977694741
-2 -7 0.6081211398682971 0.17374889710522773
-2 -6 0.6 0.19999999999999998
-2 -5 0.5872202195147035 0.2348880878058814
-2 -4 0.565685424949238 0.282842712474619
-2 -3 0.5262348115842176 0.3508232077228117
-2 -2 0.4472135954999579 0.4472135954999579
-2 -1 0.282842712474619 0.565685424949238
-2 0 0.0 +nan.0
-2 1 0.282842712474619 -0.565685424949238
-2 2 0.4472135954999579 -0.4472135954999579
-2 3 0.5262348115842176 -0.3508232077228117
-2 4 0.565685424949238 -0.282842712474619
-2 5 0.5872202195147035 -0.2348880878058814
-2 6 0.6 -0.19999999999999998
-2 7 0.6081211398682971 -0.17374889710522773
-2 8 0.6135719910778964 -0.1533929977694741
-1 -8 0.6275716324421889 0.07844645405527362
-1 -7 0.6260990336999411 0.08944271909999159
-1 -6 0.6238502938920437 0.10397504898200728
-1 -5 0.6201736729460423 0.12403473458920847
-1 -4 0.6135719910778964 0.1533929977694741
-1 -3 0.6 0.19999999999999998
-1 -2 0.565685424949238 0.282842712474619
-1 -1 0.4472135954999579 0.4472135954999579
-1 0 0.0 +nan.0
-1 1 0.4472135954999579 -0.4472135954999579
-1 2 0.565685424949238 -0.282842712474619
-1 3 0.6 -0.19999999999999998
-1 4 0.6135719910778964 -0.1533929977694741
-1 5 0.6201736729460423 -0.12403473458920847
-1 6 0.6238502938920437 -0.10397504898200728
-1 7 0.6260990336999411 -0.08944271909999159
-1 8 0.6275716324421889 -0.07844645405527362
0 -8 0.6324555320336759 0.0
0 -7 0.6324555320336759 0.0
0 -6 0.6324555320336759 0.0
0 -5 0.6324555320336759 0.0
0 -4 0.6324555320336759 0.0
0 -3 0.6324555320336759 0.0
0 -2 0.6324555320336759 0.0
0 -1 0.6324555320336759 0.0
0 0 0.0 +nan.0
0 1 0.6324555320336759 0.0
0 2 0.6324555320336759 0.0
0 3 0.6324555320336759 0.0
0 4 0.6324555320336759 0.0
0 5 0.6324555320336759 0.0
0 6 0.6324555320336759 0.0
0 7 0.6324555320336759 0.0
0 8 0.6324555320336759 0.0
1 -8 0.6275716324421889 -0.07844645405527362
1 -7 0.6260990336999411 -0.08944271909999159
1 -6 0.6238502938920437 -0.10397504898200728
1 -5 0.6201736729460423 -0.12403473458920847
1 -4 0.6135719910778964 -0.1533929977694741
1 -3 0.6 -0.19999999999999998
1 -2 0.565685424949238 -0.282842712474619
1 -1 0.4472135954999579 -0.4472135954999579
1 0 0.0 +nan.0
1 1 0.4472135954999579 0.4472135954999579
1 2 0.565685424949238 0.282842712474619
1 3 0.6 0.19999999999999998
1 4 0.6135719910778964 0.1533929977694741
1 5 0.6201736729460423 0.12403473458920847
1 6 0.6238502938920437 0.10397504898200728
1 7 0.6260990336999411 0.08944271909999159
1 8 0.6275716324421889 0.07844645405527362
2 -8 0.6135719910778964 -0.1533929977694741
2 -7 0.6081211398682971 -0.17374889710522773
2 -6 0.6 -0.19999999999999998
2 -5 0.5872202195147035 -0.2348880878058814
2 -4 0.565685424949238 -0.282842712474619
2 -3 0.5262348115842176 -0.3508232077228117
2 -2 0.4472135954999579 -0.4472135954999579
2 -1 0.282842712474619 -0.565685424949238
2 0 0.0 +nan.0
2 1 0.282842712474619 0.565685424949238
2 2 0.4472135954999579 0.4472135954999579
2 3 0.5262348115842176 0.3508232077228117
2 4 0.565685424949238 0.282842712474619
2 5 0.5872202195147035 0.2348880878058814
2 6 0.6 0.19999999999999998
2 7 0.6081211398682971 0.17374889710522773
2 8 0.6135719910778964 0.1533929977694741
3 -8 0.5921865681580842 -0.2220699630592816
3 -7 0.5813183589761798 -0.2491364395612199
3 -6 0.565685424949238 -0.282842712474619
3 -5 0.5423261445466404 -0.32539568672798425
3 -4 0.5059644256269407 -0.3794733192202055
3 -3 0.4472135954999579 -0.4472135954999579
3 -2 0.35082320772281167 -0.5262348115842175
3 -1 0.2 -0.6000000000000001
3 0 0.0 +nan.0
3 1 0.2 0.6000000000000001
3 2 0.35082320772281167 0.5262348115842175
3 3 0.4472135954999579 0.4472135954999579
3 4 0.5059644256269407 0.3794733192202055
3 5 0.5423261445466404 0.32539568672798425
3 6 0.565685424949238 0.282842712474619
3 7 0.5813183589761798 0.2491364395612199
3 8 0.5921865681580842 0.2220699630592816
4 -8 0.565685424949238 -0.282842712474619
4 -7 0.5491251783869153 -0.31378581622109447
4 -6 0.5262348115842176 -0.3508232077228117
4 -5 0.49386479832479485 -0.3950918386598359
4 -4 0.4472135954999579 -0.4472135954999579
4 -3 0.37947331922020555 -0.5059644256269407
4 -2 0.282842712474619 -0.565685424949238
4 -1 0.1533929977694741 -0.6135719910778964
4 0 0.0 +nan.0
4 1 0.1533929977694741 0.6135719910778964
4 2 0.282842712474619 0.565685424949238
4 3 0.37947331922020555 0.5059644256269407
4 4 0.4472135954999579 0.4472135954999579
4 5 0.49386479832479485 0.3950918386598359
4 6 0.5262348115842176 0.3508232077228117
4 7 0.5491251783869153 0.31378581622109447
4 8 0.565685424949238 0.282842712474619
5 -8 0.5363212185231927 -0.3352007615769954
5 -7 0.5146502354656655 -0.3676073110469039
5 -6 0.4858657981073496 -0.404888165089458
5 -5 0.4472135954999579 -0.4472135954999579
5 -4 0.3950918386598358 -0.4938647983247948
5 -3 0.3253956867279843 -0.5423261445466405
5 -2 0.2348880878058814 -0.5872202195147035
5 -1 0.12403473458920845 -0.6201736729460423
5 0 0.0 +nan.0
5 1 0.12403473458920845 0.6201736729460423
5 2 0.2348880878058814 0.5872202195147035
5 3 0.3253956867279843 0.5423261445466405
5 4 0.3950918386598358 0.4938647983247948
5 5 0.4472135954999579 0.4472135954999579
5 6 0.4858657981073496 0.404888165089458
5 7 0.5146502354656655 0.3676073110469039
5 8 0.5363212185231927 0.3352007615769954
6 -8 0.5059644256269407 -0.3794733192202055
6 -7 0.48019603839902475 -0.41159660434202117
6 -6 0.4472135954999579 -0.4472135954999579
6 -5 0.404888165089458 -0.4858657981073496
6 -4 0.35082320772281167 -0.5262348115842175
6 -3 0.282842712474619 -0.565685424949238
6 -2 0.2 -0.6000000000000001
6 -1 0.10397504898200727 -0.6238502938920436
6 0 0.0 +nan.0
6 1 0.10397504898200727 0.6238502938920436
6 2 0.2 0.6000000000000001
6 3 0.282842712474619 0.565685424949238
6 4 0.35082320772281167 0.5262348115842175
6 5 0.404888165089458 0.4858657981073496
6 6 0.4472135954999579 0.4472135954999579
6 7 0.48019603839902475 0.41159660434202117
6 8 0.5059644256269407 0.3794733192202055
7 -8 0.4759712938469837 -0.4164748821161108
7 -7 0.4472135954999579 -0.4472135954999579
7 -6 0.4115966043420212 -0.4801960383990248
7 -5 0.36760731104690386 -0.5146502354656654
7 -4 0.31378581622109447 -0.5491251783869153
7 -3 0.2491364395612199 -0.5813183589761798
7 -2 0.17374889710522776 -0.6081211398682972
7 -1 0.08944271909999159 -0.6260990336999411
7 0 0.0 +nan.0
7 1 0.08944271909999159 0.6260990336999411
7 2 0.17374889710522776 0.6081211398682972
7 3 0.2491364395612199 0.5813183589761798
7 4 0.31378581622109447 0.5491251783869153
7 5 0.36760731104690386 0.5146502354656654
7 6 0.4115966043420212 0.4801960383990248
7 7 0.4472135954999579 0.4472135954999579
7 8 0.4759712938469837 0.4164748821161108
8 -8 0.4472135954999579 -0.4472135954999579
8 -7 0.4164748821161107 -0.47597129384698367
8 -6 0.37947331922020555 -0.5059644256269407
8 -5 0.33520076157699547 -0.5363212185231928
8 -4 0.282842712474619 -0.565685424949238
8 -3 0.2220699630592816 -0.5921865681580842
8 -2 0.1533929977694741 -0.6135719910778964
8 -1 0.07844645405527362 -0.6275716324421889
8 0 0.0 +nan.0
8 1 0.07844645405527362 0.6275716324421889
8 2 0.1533929977694741 0.6135719910778964
8 3 0.2220699630592816 0.5921865681580842
8 4 0.282842712474619 0.565685424949238
8 5 0.33520076157699547 0.5363212185231928
8 6 0.37947331922020555 0.5059644256269407
8 7 0.4164748821161107 0.47597129384698367
8 8 0.4472135954999579 0.4472135954999579
